EP_m =

   3.1152e-04


EP_tho =

   5.0417e-04


ES_m =

   1.0738e-04


ES_tho =

   3.1330e-04


EPR_m =

   3.6522e-04


EPR_tho =

   6.2177e-04


ESR_m =

   1.5326e-04


ESR_tho =

   4.0149e-04


